72
A7_BL_A            0.0000000 0.0000010 0.0139923 0.0077856 0.0057838 0.0057838 0.0980918 0.0038832 0.0038651 0.1883723 0.1912420 0.1912420 0.1949636 0.1947476 0.2029690 0.1989629 0.1867898 0.1947476 0.1916200 0.1989629 0.0876855 0.1880633 0.1885297 0.1948568 0.1908687 0.2256075 0.2256075 0.2059163 0.2069804 0.1921792 0.1908687 0.1921792 0.1988520 0.1867898 0.2301443 0.1867898 0.1870499 0.2104830 0.2022296 0.2018286 0.1948568 0.2104191 0.2297096 0.1912420 0.2026898 0.1948568 0.1963127 0.1872571 0.1908687 0.2292343 0.0019234 0.0019134 0.0266850 0.2026898 0.0019246 0.1981972 0.1900243 0.1981972 0.2024156 0.2021919 0.1941034 0.2052311 0.1863251 0.1969215 0.0077504 0.2297096 0.2104191 0.2044300 0.1941034 0.1485497 0.1350371 0.2649921 
A9_BL_A            0.0000010 0.0000000 0.0139923 0.0077856 0.0057838 0.0057838 0.0980918 0.0038832 0.0038651 0.1883723 0.1912420 0.1912420 0.1949636 0.1947476 0.2029690 0.1989629 0.1867898 0.1947476 0.1916200 0.1989629 0.0876855 0.1880633 0.1885297 0.1948568 0.1908687 0.2256075 0.2256075 0.2059163 0.2069804 0.1921792 0.1908687 0.1921792 0.1988520 0.1867898 0.2301443 0.1867898 0.1870499 0.2104830 0.2022296 0.2018286 0.1948568 0.2104191 0.2297096 0.1912420 0.2026898 0.1948568 0.1963127 0.1872571 0.1908687 0.2292343 0.0019234 0.0019134 0.0266850 0.2026898 0.0019246 0.1981972 0.1900243 0.1981972 0.2024156 0.2021919 0.1941034 0.2052311 0.1863251 0.1969215 0.0077504 0.2297096 0.2104191 0.2044300 0.1941034 0.1485497 0.1350371 0.2649921 
A33_So_A           0.0139923 0.0139923 0.0000000 0.0099455 0.0078783 0.0078783 0.1111455 0.0183729 0.0182747 0.1985776 0.2017149 0.2017149 0.2055132 0.2052819 0.2136917 0.2096004 0.1971353 0.2052819 0.2021131 0.2096004 0.0999718 0.2123747 0.2129153 0.2053972 0.2013182 0.2374898 0.2374898 0.2169152 0.2177856 0.2167904 0.2013182 0.2167904 0.2094835 0.1971353 0.2421187 0.1971353 0.1974129 0.2256756 0.2131589 0.2127391 0.2053972 0.2215251 0.2414009 0.2017149 0.2171952 0.2053972 0.2066981 0.1976359 0.2013182 0.2414555 0.0161623 0.0160695 0.0294393 0.2133992 0.0161725 0.2052311 0.1968619 0.2052311 0.2095493 0.2093141 0.2010405 0.2125639 0.1930812 0.2040547 0.0098998 0.2453277 0.2215251 0.2117278 0.2010405 0.1612681 0.1472674 0.2831336 
A34_So_A           0.0077856 0.0077856 0.0099455 0.0000000 0.0019188 0.0019188 0.1048945 0.0119162 0.0118559 0.1891896 0.1920202 0.1920202 0.1956700 0.1954574 0.2035191 0.1995917 0.1876502 0.1954574 0.1923918 0.1995917 0.0940484 0.1888851 0.1893444 0.1955648 0.1916529 0.2257047 0.2257047 0.2064161 0.2074508 0.1929252 0.1916529 0.1929252 0.1994827 0.1876502 0.2301420 0.1876502 0.1879064 0.2150436 0.2028044 0.2024110 0.1955648 0.2108285 0.2297167 0.1920202 0.2032450 0.1955648 0.1969812 0.1881105 0.1916529 0.2292524 0.0098318 0.0097779 0.0224764 0.2032450 0.0098379 0.1954076 0.1873953 0.1954076 0.1995423 0.1993257 0.1913943 0.2022492 0.1837651 0.1941089 0.0038570 0.2297167 0.2108285 0.2014709 0.1913943 0.1538784 0.1400510 0.2606150 
A35_So_A           0.0057838 0.0057838 0.0078783 0.0019188 0.0000000 0.0000010 0.1009998 0.0098330 0.0097842 0.1956700 0.1986870 0.1986870 0.2024110 0.2021873 0.2104255 0.2064161 0.1942066 0.2021873 0.1990739 0.2064161 0.0904506 0.1953502 0.1958306 0.2022992 0.1983023 0.2335156 0.2335156 0.2135199 0.2144389 0.1994827 0.1983023 0.1994827 0.2063026 0.1942066 0.2380461 0.1942066 0.1944755 0.2221764 0.2098377 0.2094293 0.2022992 0.2180320 0.2374347 0.1986870 0.2101410 0.2022992 0.2036296 0.1946911 0.1983023 0.2373082 0.0077897 0.0077473 0.0202243 0.2101410 0.0077946 0.2021373 0.1939410 0.2021373 0.2063662 0.2061385 0.1980328 0.2092598 0.1902342 0.2009302 0.0019106 0.2374347 0.2180320 0.2084483 0.1980328 0.1519774 0.1383875 0.2692143 
A36_So_A           0.0057838 0.0057838 0.0078783 0.0019188 0.0000010 0.0000000 0.1009998 0.0098330 0.0097842 0.1956700 0.1986870 0.1986870 0.2024110 0.2021873 0.2104255 0.2064161 0.1942066 0.2021873 0.1990739 0.2064161 0.0904506 0.1953502 0.1958306 0.2022992 0.1983023 0.2335156 0.2335156 0.2135199 0.2144389 0.1994827 0.1983023 0.1994827 0.2063026 0.1942066 0.2380461 0.1942066 0.1944755 0.2221764 0.2098377 0.2094293 0.2022992 0.2180320 0.2374347 0.1986870 0.2101410 0.2022992 0.2036296 0.1946911 0.1983023 0.2373082 0.0077897 0.0077473 0.0202243 0.2101410 0.0077946 0.2021373 0.1939410 0.2021373 0.2063662 0.2061385 0.1980328 0.2092598 0.1902342 0.2009302 0.0019106 0.2374347 0.2180320 0.2084483 0.1980328 0.1519774 0.1383875 0.2692143 
A56_To_A           0.0980918 0.0980918 0.1111455 0.1048945 0.1009998 0.1009998 0.0000000 0.1060063 0.1019346 0.1744182 0.1729953 0.1729953 0.1691461 0.1769512 0.1768600 0.1729953 0.1687354 0.1769512 0.1658857 0.1729953 0.0222734 0.1713406 0.1717768 0.1765188 0.1726613 0.2013953 0.2013953 0.1868900 0.1807388 0.1754536 0.1726613 0.1754536 0.1809276 0.1687354 0.2058052 0.1687354 0.1689659 0.2002435 0.1832933 0.1829250 0.1765188 0.1798420 0.1863724 0.1729953 0.1802304 0.1804844 0.1669132 0.1691461 0.1766095 0.2001736 0.1020116 0.1010833 0.1164195 0.1766095 0.1020638 0.1918613 0.1838623 0.1918613 0.1878538 0.1882150 0.1878538 0.1944216 0.1802354 0.1905032 0.1040691 0.1823241 0.1798420 0.2098023 0.1878538 0.1340993 0.1343340 0.2537511 
A87_Vn_A           0.0038832 0.0038832 0.0183729 0.0119162 0.0098330 0.0098330 0.1060063 0.0000000 0.0078860 0.2019429 0.2052196 0.2052196 0.2091017 0.2088618 0.2174641 0.2132812 0.2005290 0.2088618 0.2056307 0.2132812 0.0949829 0.2016009 0.2021128 0.2089810 0.2048091 0.2420657 0.2420657 0.2208390 0.2216487 0.2059163 0.2048091 0.2059163 0.2131604 0.2005290 0.2468001 0.2005290 0.2008165 0.2252732 0.2170002 0.2165676 0.2089810 0.2255576 0.2459567 0.2052196 0.2171624 0.2089810 0.2102457 0.2010481 0.2048091 0.2462298 0.0058854 0.0058536 0.0314747 0.2171624 0.0058891 0.2124436 0.2038792 0.2124436 0.2168617 0.2166149 0.2081560 0.2200884 0.2000163 0.2113781 0.0118611 0.2459567 0.2255576 0.2192171 0.2081560 0.1593285 0.1451845 0.2832489 
A111_Ya_A          0.0038651 0.0038651 0.0182747 0.0118559 0.0097842 0.0097842 0.1019346 0.0078860 0.0000000 0.1857060 0.1884698 0.1884698 0.1921203 0.1919114 0.1999689 0.1960411 0.1841111 0.1919114 0.1888373 0.1960411 0.0941803 0.1854065 0.1858593 0.1920174 0.1881078 0.2219567 0.2219567 0.2027996 0.2039022 0.1894408 0.1881078 0.1894408 0.1959334 0.1841111 0.2263988 0.1841111 0.1843631 0.2073418 0.1991838 0.1987939 0.1920174 0.2072086 0.2260555 0.1884698 0.1996972 0.1920174 0.1934923 0.1845634 0.1881078 0.2254300 0.0058567 0.0058244 0.0312913 0.1996972 0.0058604 0.1952976 0.1872887 0.1952976 0.1994309 0.1992144 0.1912859 0.2021349 0.1836602 0.1939976 0.0118014 0.2260555 0.2072086 0.2013571 0.1912859 0.1467677 0.1334800 0.2737242 
E1_AR_S            0.1883723 0.1883723 0.1985776 0.1891896 0.1956700 0.1956700 0.1744182 0.2019429 0.1857060 0.0000000 0.0078435 0.0078435 0.0098408 0.0098512 0.0098522 0.0078435 0.0058565 0.0098512 0.0202099 0.0078435 0.1772146 0.0160566 0.0119393 0.0058548 0.0038837 0.0270750 0.0270750 0.0099017 0.0118803 0.0099005 0.0038837 0.0099005 0.0118780 0.0058565 0.0293195 0.0078491 0.0098512 0.0408358 0.0119431 0.0078824 0.0058548 0.0202731 0.0246712 0.0098522 0.0118527 0.0038826 0.0099005 0.0098408 0.0019321 0.0272471 0.1950730 0.1883723 0.1986870 0.0098408 0.1820379 0.1744062 0.1668881 0.1667976 0.1706379 0.1709539 0.1706379 0.1765348 0.1634597 0.1728546 0.1916529 0.0268292 0.0202731 0.1857158 0.1706379 0.1437051 0.1439573 0.2904149 
E2_AR_S            0.1912420 0.1912420 0.2017149 0.1920202 0.1986870 0.1986870 0.1729953 0.2052196 0.1884698 0.0078435 0.0000000 0.0000010 0.0019233 0.0058240 0.0058247 0.0038649 0.0058279 0.0058240 0.0118431 0.0038649 0.1758810 0.0118627 0.0078421 0.0058263 0.0038659 0.0182872 0.0182872 0.0058538 0.0078045 0.0058531 0.0038659 0.0058531 0.0078028 0.0058279 0.0204285 0.0078114 0.0019252 0.0364119 0.0038880 0.0038831 0.0058263 0.0118781 0.0160535 0.0019255 0.0117945 0.0078059 0.0058531 0.0019233 0.0058256 0.0183960 0.1981411 0.1912420 0.2018286 0.0058181 0.1847274 0.1691059 0.1615235 0.1614343 0.1653038 0.1656146 0.1653038 0.1711728 0.1580620 0.1674577 0.1945845 0.0181281 0.0118781 0.1806489 0.1653038 0.1384291 0.1386741 0.2913289 
E3_AR_S            0.1912420 0.1912420 0.2017149 0.1920202 0.1986870 0.1986870 0.1729953 0.2052196 0.1884698 0.0078435 0.0000010 0.0000000 0.0019233 0.0058240 0.0058247 0.0038649 0.0058279 0.0058240 0.0118431 0.0038649 0.1758810 0.0118627 0.0078421 0.0058263 0.0038659 0.0182872 0.0182872 0.0058538 0.0078045 0.0058531 0.0038659 0.0058531 0.0078028 0.0058279 0.0204285 0.0078114 0.0019252 0.0364119 0.0038880 0.0038831 0.0058263 0.0118781 0.0160535 0.0019255 0.0117945 0.0078059 0.0058531 0.0019233 0.0058256 0.0183960 0.1981411 0.1912420 0.2018286 0.0058181 0.1847274 0.1691059 0.1615235 0.1614343 0.1653038 0.1656146 0.1653038 0.1711728 0.1580620 0.1674577 0.1945845 0.0181281 0.0118781 0.1806489 0.1653038 0.1384291 0.1386741 0.2913289 
E4_AR_S            0.1949636 0.1949636 0.2055132 0.1956700 0.2024110 0.2024110 0.1691461 0.2091017 0.1921203 0.0098408 0.0019233 0.0019233 0.0000000 0.0077947 0.0077955 0.0058181 0.0078001 0.0077947 0.0138676 0.0058181 0.1721450 0.0138910 0.0098388 0.0077978 0.0058198 0.0203968 0.0203968 0.0078339 0.0097911 0.0078330 0.0058198 0.0078330 0.0097891 0.0078001 0.0225575 0.0098000 0.0038644 0.0387076 0.0058548 0.0058471 0.0077978 0.0139090 0.0160535 0.0038649 0.0138104 0.0097931 0.0078330 0.0038605 0.0077970 0.0205197 0.2019429 0.1949636 0.2056293 0.0077866 0.1883723 0.1653828 0.1578389 0.1577515 0.1615993 0.1619030 0.1615993 0.1673831 0.1543913 0.1636859 0.1983023 0.0181281 0.0139090 0.1769600 0.1615993 0.1416585 0.1419097 0.2952835 
E5_AR_S            0.1947476 0.1947476 0.2052819 0.1954574 0.2021873 0.2021873 0.1769512 0.2088618 0.1919114 0.0098512 0.0058240 0.0058240 0.0077947 0.0000000 0.0038687 0.0019252 0.0078083 0.0000010 0.0180012 0.0019252 0.1797193 0.0098481 0.0058592 0.0078059 0.0058256 0.0204198 0.0204198 0.0078421 0.0058305 0.0038865 0.0058256 0.0038865 0.0019245 0.0078083 0.0225832 0.0098104 0.0078028 0.0387558 0.0098522 0.0058531 0.0078059 0.0139240 0.0181481 0.0078036 0.0138252 0.0098034 0.0038865 0.0077947 0.0078051 0.0205430 0.2017149 0.1947476 0.2053978 0.0038644 0.1881677 0.1801993 0.1725192 0.1724247 0.1763504 0.1766815 0.1763504 0.1824665 0.1690238 0.1787062 0.1980831 0.0202405 0.0139240 0.1916120 0.1763504 0.1349022 0.1351397 0.2867220 
E24_AR_S           0.2029690 0.2029690 0.2136917 0.2035191 0.2104255 0.2104255 0.1768600 0.2174641 0.1999689 0.0098522 0.0058247 0.0058247 0.0077955 0.0038687 0.0000000 0.0019255 0.0078091 0.0038687 0.0180025 0.0019255 0.1796289 0.0098492 0.0058599 0.0078068 0.0058263 0.0204212 0.0204212 0.0078430 0.0058312 0.0038870 0.0058263 0.0038870 0.0058299 0.0078091 0.0225846 0.0098114 0.0078036 0.0387560 0.0098532 0.0058538 0.0078068 0.0139253 0.0181495 0.0078045 0.0138264 0.0098044 0.0038870 0.0077955 0.0078059 0.0205444 0.2101266 0.2029690 0.2138127 0.0038649 0.1962068 0.1801084 0.1724345 0.1723401 0.1762626 0.1765932 0.1762626 0.1823723 0.1689419 0.1786150 0.2063018 0.0202419 0.0139253 0.1915148 0.1762626 0.1418533 0.1421051 0.2873572 
E25_AR_S           0.1989629 0.1989629 0.2096004 0.1995917 0.2064161 0.2064161 0.1729953 0.2132812 0.1960411 0.0078435 0.0038649 0.0038649 0.0058181 0.0019252 0.0019255 0.0000000 0.0058279 0.0019252 0.0159253 0.0000010 0.1758810 0.0078412 0.0038870 0.0058263 0.0038659 0.0182872 0.0182872 0.0058538 0.0038692 0.0019343 0.0038659 0.0019343 0.0038683 0.0058279 0.0204285 0.0078114 0.0058240 0.0364119 0.0078444 0.0038831 0.0058263 0.0118781 0.0160535 0.0058247 0.0117945 0.0078059 0.0019343 0.0058181 0.0058256 0.0183960 0.2060321 0.1989629 0.2097191 0.0019233 0.1922855 0.1763504 0.1687071 0.1686145 0.1725192 0.1728432 0.1725192 0.1785462 0.1652249 0.1748031 0.2022992 0.0181281 0.0118781 0.1878049 0.1725192 0.1384291 0.1386741 0.2913289 
E26_AR_S           0.1867898 0.1867898 0.1971353 0.1876502 0.1942066 0.1942066 0.1687354 0.2005290 0.1841111 0.0058565 0.0058279 0.0058279 0.0078001 0.0078083 0.0078091 0.0058279 0.0000000 0.0078083 0.0180148 0.0058279 0.1717394 0.0139162 0.0098562 0.0038675 0.0019246 0.0247413 0.0247413 0.0078477 0.0098084 0.0078467 0.0019246 0.0078467 0.0098063 0.0000010 0.0269486 0.0019254 0.0078083 0.0435007 0.0098593 0.0058572 0.0038675 0.0180701 0.0223924 0.0078091 0.0097858 0.0058279 0.0078467 0.0078001 0.0038670 0.0248946 0.1935693 0.1867898 0.1972456 0.0078001 0.1803883 0.1726987 0.1650850 0.1726987 0.1688816 0.1691990 0.1688816 0.1748293 0.1616129 0.1710998 0.1901256 0.0245200 0.0180701 0.1841995 0.1688816 0.1417341 0.1419856 0.2863782 
E27_AR_S           0.1947476 0.1947476 0.2052819 0.1954574 0.2021873 0.2021873 0.1769512 0.2088618 0.1919114 0.0098512 0.0058240 0.0058240 0.0077947 0.0000010 0.0038687 0.0019252 0.0078083 0.0000000 0.0180012 0.0019252 0.1797193 0.0098481 0.0058592 0.0078059 0.0058256 0.0204198 0.0204198 0.0078421 0.0058305 0.0038865 0.0058256 0.0038865 0.0019245 0.0078083 0.0225832 0.0098104 0.0078028 0.0387558 0.0098522 0.0058531 0.0078059 0.0139240 0.0181481 0.0078036 0.0138252 0.0098034 0.0038865 0.0077947 0.0078051 0.0205430 0.2017149 0.1947476 0.2053978 0.0038644 0.1881677 0.1801993 0.1725192 0.1724247 0.1763504 0.1766815 0.1763504 0.1824665 0.1690238 0.1787062 0.1980831 0.0202405 0.0139240 0.1916120 0.1763504 0.1349022 0.1351397 0.2867220 
E28_BR_S           0.1916200 0.1916200 0.2021131 0.1923918 0.1990739 0.1990739 0.1658857 0.2056307 0.1888373 0.0202099 0.0118431 0.0118431 0.0138676 0.0180012 0.0180025 0.0159253 0.0180148 0.0180012 0.0000000 0.0159253 0.1689840 0.0244527 0.0202042 0.0180087 0.0159305 0.0314475 0.0314475 0.0180976 0.0200995 0.0180951 0.0159305 0.0180951 0.0200967 0.0180148 0.0337278 0.0201206 0.0138825 0.0509083 0.0160303 0.0160083 0.0180087 0.0244856 0.0289707 0.0138837 0.0243030 0.0201051 0.0180951 0.0138676 0.0180073 0.0316513 0.1985355 0.1916200 0.2022272 0.0179814 0.1850898 0.1471102 0.1398072 0.1397295 0.1434442 0.1437103 0.1434442 0.1487872 0.1364503 0.1452035 0.1949660 0.0311567 0.0244856 0.1587623 0.1434442 0.1320789 0.1389402 0.2743527 
E32_GR_S           0.1989629 0.1989629 0.2096004 0.1995917 0.2064161 0.2064161 0.1729953 0.2132812 0.1960411 0.0078435 0.0038649 0.0038649 0.0058181 0.0019252 0.0019255 0.0000010 0.0058279 0.0019252 0.0159253 0.0000000 0.1758810 0.0078412 0.0038870 0.0058263 0.0038659 0.0182872 0.0182872 0.0058538 0.0038692 0.0019343 0.0038659 0.0019343 0.0038683 0.0058279 0.0204285 0.0078114 0.0058240 0.0364119 0.0078444 0.0038831 0.0058263 0.0118781 0.0160535 0.0058247 0.0117945 0.0078059 0.0019343 0.0058181 0.0058256 0.0183960 0.2060321 0.1989629 0.2097191 0.0019233 0.1922855 0.1763504 0.1687071 0.1686145 0.1725192 0.1728432 0.1725192 0.1785462 0.1652249 0.1748031 0.2022992 0.0181281 0.0118781 0.1878049 0.1725192 0.1384291 0.1386741 0.2913289 
E33_GR_A           0.0876855 0.0876855 0.0999718 0.0940484 0.0904506 0.0904506 0.0222734 0.0949829 0.0941803 0.1772146 0.1758810 0.1758810 0.1721450 0.1797193 0.1796289 0.1758810 0.1717394 0.1797193 0.1689840 0.1758810 0.0000000 0.1743215 0.1747503 0.1792940 0.1755526 0.2034719 0.2034719 0.1893835 0.1833876 0.1783133 0.1755526 0.1783133 0.1835740 0.1717394 0.2077217 0.1717394 0.1719666 0.2022485 0.1859069 0.1855475 0.1792940 0.1825709 0.2001843 0.1758810 0.1828911 0.1831391 0.1699263 0.1721450 0.1793840 0.2023367 0.0913014 0.0905242 0.1047423 0.1793840 0.0913493 0.2148233 0.2067322 0.2148233 0.2107745 0.2111689 0.2107745 0.2178215 0.2030814 0.2138629 0.0933583 0.1962522 0.1825709 0.2332048 0.2107745 0.1376922 0.1379278 0.2572415 
E34_GR_S           0.1880633 0.1880633 0.2123747 0.1888851 0.1953502 0.1953502 0.1713406 0.2016009 0.1854065 0.0160566 0.0118627 0.0118627 0.0138910 0.0098481 0.0098492 0.0078412 0.0139162 0.0098481 0.0244527 0.0078412 0.1743215 0.0000000 0.0038668 0.0139117 0.0118665 0.0226962 0.0226962 0.0139789 0.0118766 0.0058210 0.0118665 0.0058210 0.0118742 0.0139162 0.0248954 0.0159873 0.0139059 0.0413751 0.0160580 0.0119231 0.0139117 0.0160724 0.0246620 0.0139072 0.0180388 0.0159753 0.0098974 0.0138910 0.0139104 0.0272364 0.1947476 0.1880633 0.1906537 0.0098378 0.1817444 0.1709941 0.1632830 0.1631916 0.1671272 0.1674461 0.1671272 0.1731267 0.1597662 0.1693469 0.1913394 0.0246620 0.0160724 0.1826901 0.1671272 0.1469313 0.1471970 0.3051528 
E35_GR_S           0.1885297 0.1885297 0.2129153 0.1893444 0.1958306 0.1958306 0.1717768 0.2021128 0.1858593 0.0119393 0.0078421 0.0078421 0.0098388 0.0058592 0.0058599 0.0038870 0.0098562 0.0058592 0.0202042 0.0038870 0.1747503 0.0038668 0.0000000 0.0098532 0.0078444 0.0184049 0.0184049 0.0098997 0.0078511 0.0019245 0.0078444 0.0019245 0.0078494 0.0098562 0.0205617 0.0118890 0.0098492 0.0366741 0.0119405 0.0078810 0.0098532 0.0119511 0.0203725 0.0098502 0.0139117 0.0118803 0.0058879 0.0098388 0.0098522 0.0228372 0.1952366 0.1885297 0.1988520 0.0058531 0.1821895 0.1787975 0.1710045 0.1709092 0.1748912 0.1752250 0.1748912 0.1810769 0.1674577 0.1772588 0.1918115 0.0203725 0.0119511 0.1904174 0.1748912 0.1400878 0.1403397 0.2966359 
E36_GR_S           0.1948568 0.1948568 0.2053972 0.1955648 0.2022992 0.2022992 0.1765188 0.2089810 0.1920174 0.0058548 0.0058263 0.0058263 0.0077978 0.0078059 0.0078068 0.0058263 0.0038675 0.0078059 0.0180087 0.0058263 0.1792940 0.0139117 0.0098532 0.0000000 0.0019241 0.0247320 0.0247320 0.0078453 0.0098054 0.0078444 0.0019241 0.0078444 0.0098034 0.0038675 0.0269382 0.0058302 0.0078059 0.0434802 0.0098562 0.0058555 0.0000010 0.0180639 0.0223843 0.0078068 0.0097828 0.0058263 0.0078444 0.0077978 0.0038659 0.0248851 0.2018291 0.1948568 0.2055132 0.0077978 0.1882722 0.1802973 0.1726137 0.1725192 0.1764467 0.1767781 0.1764467 0.1825671 0.1691168 0.1788051 0.1981934 0.0245109 0.0180639 0.1917127 0.1764467 0.1486964 0.1489618 0.2951519 
E37_GR_S           0.1908687 0.1908687 0.2013182 0.1916529 0.1983023 0.1983023 0.1726613 0.2048091 0.1881078 0.0038837 0.0038659 0.0038659 0.0058198 0.0058256 0.0058263 0.0038659 0.0019246 0.0058256 0.0159305 0.0038659 0.1755526 0.0118665 0.0078444 0.0019241 0.0000000 0.0225575 0.0225575 0.0058555 0.0078068 0.0058548 0.0000010 0.0058548 0.0078051 0.0019246 0.0247413 0.0038685 0.0058256 0.0410908 0.0078467 0.0038841 0.0019241 0.0159788 0.0202490 0.0058263 0.0077889 0.0038659 0.0058548 0.0058198 0.0019238 0.0226953 0.1977483 0.1908687 0.2014315 0.0058198 0.1843716 0.1765348 0.1688816 0.1687888 0.1726987 0.1730234 0.1726987 0.1787363 0.1653951 0.1749884 0.1942066 0.0223577 0.0159788 0.1879988 0.1726987 0.1452343 0.1454929 0.2908413 
E38_GR_S           0.2256075 0.2256075 0.2374898 0.2257047 0.2335156 0.2335156 0.2013953 0.2420657 0.2219567 0.0270750 0.0182872 0.0182872 0.0203968 0.0204198 0.0204212 0.0182872 0.0247413 0.0204198 0.0314475 0.0182872 0.2034719 0.0226962 0.0184049 0.0247320 0.0225575 0.0000000 0.0000010 0.0248611 0.0225763 0.0205295 0.0225575 0.0205295 0.0204198 0.0247413 0.0019286 0.0269486 0.0204198 0.0161190 0.0227060 0.0226737 0.0247320 0.0099177 0.0182577 0.0204212 0.0313065 0.0269265 0.0205295 0.0203968 0.0247306 0.0206702 0.2337284 0.2256075 0.2258362 0.0203968 0.2179459 0.1672705 0.1673641 0.1595118 0.1634239 0.1637354 0.1634239 0.1693342 0.1560998 0.1655740 0.2291156 0.0203638 0.0099177 0.1717707 0.1634239 0.1510063 0.1512892 0.2883868 
E61_GR_S           0.2256075 0.2256075 0.2374898 0.2257047 0.2335156 0.2335156 0.2013953 0.2420657 0.2219567 0.0270750 0.0182872 0.0182872 0.0203968 0.0204198 0.0204212 0.0182872 0.0247413 0.0204198 0.0314475 0.0182872 0.2034719 0.0226962 0.0184049 0.0247320 0.0225575 0.0000010 0.0000000 0.0248611 0.0225763 0.0205295 0.0225575 0.0205295 0.0204198 0.0247413 0.0019286 0.0269486 0.0204198 0.0161190 0.0227060 0.0226737 0.0247320 0.0099177 0.0182577 0.0204212 0.0313065 0.0269265 0.0205295 0.0203968 0.0247306 0.0206702 0.2337284 0.2256075 0.2258362 0.0203968 0.2179459 0.1672705 0.1673641 0.1595118 0.1634239 0.1637354 0.1634239 0.1693342 0.1560998 0.1655740 0.2291156 0.0203638 0.0099177 0.1717707 0.1634239 0.1510063 0.1512892 0.2883868 
E62_GR_S           0.2059163 0.2059163 0.2169152 0.2064161 0.2135199 0.2135199 0.1868900 0.2208390 0.2027996 0.0099017 0.0058538 0.0058538 0.0078339 0.0078421 0.0078430 0.0058538 0.0078477 0.0078421 0.0180976 0.0058538 0.1893835 0.0139789 0.0098997 0.0078453 0.0058555 0.0248611 0.0248611 0.0000000 0.0058606 0.0078810 0.0058555 0.0078810 0.0098494 0.0078477 0.0270807 0.0098605 0.0078421 0.0437376 0.0099028 0.0019235 0.0078453 0.0181535 0.0224986 0.0078430 0.0098420 0.0098534 0.0078810 0.0078339 0.0078445 0.0250159 0.2132812 0.2059163 0.2089824 0.0078339 0.1989629 0.1750657 0.1673012 0.1672076 0.1711728 0.1715000 0.1711728 0.1772774 0.1637639 0.1734722 0.2093109 0.0246375 0.0181535 0.1867381 0.1711728 0.1502452 0.1505173 0.2904630 
E63_GR_S           0.2069804 0.2069804 0.2177856 0.2074508 0.2144389 0.2144389 0.1807388 0.2216487 0.2039022 0.0118803 0.0078045 0.0078045 0.0097911 0.0058305 0.0058312 0.0038692 0.0098084 0.0058305 0.0200995 0.0038692 0.1833876 0.0118766 0.0078511 0.0098054 0.0078068 0.0225763 0.0225763 0.0058606 0.0000000 0.0058599 0.0078068 0.0058599 0.0078118 0.0098084 0.0247618 0.0118305 0.0098014 0.0411235 0.0118815 0.0078430 0.0098054 0.0159923 0.0202659 0.0098024 0.0118082 0.0118219 0.0058599 0.0097911 0.0098044 0.0227143 0.2142246 0.2069804 0.2100093 0.0058247 0.2001349 0.1765932 0.1689419 0.1688491 0.1727581 0.1730827 0.1727581 0.1787951 0.1654562 0.1750481 0.2103089 0.0223762 0.0159923 0.1880531 0.1727581 0.1452966 0.1455553 0.2999298 
E64_GL_S           0.1921792 0.1921792 0.2167904 0.1929252 0.1994827 0.1994827 0.1754536 0.2059163 0.1894408 0.0099005 0.0058531 0.0058531 0.0078330 0.0038865 0.0038870 0.0019343 0.0078467 0.0038865 0.0180951 0.0019343 0.1783133 0.0058210 0.0019245 0.0078444 0.0058548 0.0205295 0.0205295 0.0078810 0.0058599 0.0000000 0.0058548 0.0000010 0.0058585 0.0078467 0.0227060 0.0098593 0.0078412 0.0389895 0.0099015 0.0058818 0.0078444 0.0139954 0.0182437 0.0078421 0.0118665 0.0098522 0.0039061 0.0078330 0.0078435 0.0206541 0.1989629 0.1921792 0.2025775 0.0038826 0.1857655 0.1823748 0.1745584 0.1744616 0.1784575 0.1787975 0.1784575 0.1847190 0.1710045 0.1808903 0.1954574 0.0182437 0.0139954 0.1939389 0.1784575 0.1433711 0.1436295 0.3006585 
E65_GL_S           0.1908687 0.1908687 0.2013182 0.1916529 0.1983023 0.1983023 0.1726613 0.2048091 0.1881078 0.0038837 0.0038659 0.0038659 0.0058198 0.0058256 0.0058263 0.0038659 0.0019246 0.0058256 0.0159305 0.0038659 0.1755526 0.0118665 0.0078444 0.0019241 0.0000010 0.0225575 0.0225575 0.0058555 0.0078068 0.0058548 0.0000000 0.0058548 0.0078051 0.0019246 0.0247413 0.0038685 0.0058256 0.0410908 0.0078467 0.0038841 0.0019241 0.0159788 0.0202490 0.0058263 0.0077889 0.0038659 0.0058548 0.0058198 0.0019238 0.0226953 0.1977483 0.1908687 0.2014315 0.0058198 0.1843716 0.1765348 0.1688816 0.1687888 0.1726987 0.1730234 0.1726987 0.1787363 0.1653951 0.1749884 0.1942066 0.0223577 0.0159788 0.1879988 0.1726987 0.1452343 0.1454929 0.2908413 
E66_GL_S           0.1921792 0.1921792 0.2167904 0.1929252 0.1994827 0.1994827 0.1754536 0.2059163 0.1894408 0.0099005 0.0058531 0.0058531 0.0078330 0.0038865 0.0038870 0.0019343 0.0078467 0.0038865 0.0180951 0.0019343 0.1783133 0.0058210 0.0019245 0.0078444 0.0058548 0.0205295 0.0205295 0.0078810 0.0058599 0.0000010 0.0058548 0.0000000 0.0058585 0.0078467 0.0227060 0.0098593 0.0078412 0.0389895 0.0099015 0.0058818 0.0078444 0.0139954 0.0182437 0.0078421 0.0118665 0.0098522 0.0039061 0.0078330 0.0078435 0.0206541 0.1989629 0.1921792 0.2025775 0.0038826 0.1857655 0.1823748 0.1745584 0.1744616 0.1784575 0.1787975 0.1784575 0.1847190 0.1710045 0.1808903 0.1954574 0.0182437 0.0139954 0.1939389 0.1784575 0.1433711 0.1436295 0.3006585 
E73_GL_S           0.1988520 0.1988520 0.2094835 0.1994827 0.2063026 0.2063026 0.1809276 0.2131604 0.1959334 0.0118780 0.0078028 0.0078028 0.0097891 0.0019245 0.0058299 0.0038683 0.0098063 0.0019245 0.0200967 0.0038683 0.1835740 0.0118742 0.0078494 0.0098034 0.0078051 0.0204198 0.0204198 0.0098494 0.0078118 0.0058585 0.0078051 0.0058585 0.0000000 0.0098063 0.0225832 0.0118281 0.0097993 0.0387558 0.0118791 0.0078413 0.0098034 0.0139240 0.0181481 0.0098004 0.0158749 0.0118196 0.0058585 0.0097891 0.0098023 0.0205430 0.2059163 0.1988520 0.2053978 0.0058233 0.1921792 0.1801993 0.1725192 0.1724247 0.1763504 0.1766815 0.1763504 0.1824665 0.1690238 0.1787062 0.2021873 0.0202405 0.0139240 0.1916120 0.1763504 0.1383552 0.1385999 0.2911829 
E86_GL_S           0.1867898 0.1867898 0.1971353 0.1876502 0.1942066 0.1942066 0.1687354 0.2005290 0.1841111 0.0058565 0.0058279 0.0058279 0.0078001 0.0078083 0.0078091 0.0058279 0.0000010 0.0078083 0.0180148 0.0058279 0.1717394 0.0139162 0.0098562 0.0038675 0.0019246 0.0247413 0.0247413 0.0078477 0.0098084 0.0078467 0.0019246 0.0078467 0.0098063 0.0000000 0.0269486 0.0019254 0.0078083 0.0435007 0.0098593 0.0058572 0.0038675 0.0180701 0.0223924 0.0078091 0.0097858 0.0058279 0.0078467 0.0078001 0.0038670 0.0248946 0.1935693 0.1867898 0.1972456 0.0078001 0.1803883 0.1726987 0.1650850 0.1726987 0.1688816 0.1691990 0.1688816 0.1748293 0.1616129 0.1710998 0.1901256 0.0245200 0.0180701 0.1841995 0.1688816 0.1417341 0.1419856 0.2863782 
E104_BL_S          0.2301443 0.2301443 0.2421187 0.2301420 0.2380461 0.2380461 0.2058052 0.2468001 0.2263988 0.0293195 0.0204285 0.0204285 0.0225575 0.0225832 0.0225846 0.0204285 0.0269486 0.0225832 0.0337278 0.0204285 0.2077217 0.0248954 0.0205617 0.0269382 0.0247413 0.0019286 0.0019286 0.0270807 0.0247618 0.0227060 0.0247413 0.0227060 0.0225832 0.0269486 0.0000000 0.0291796 0.0225832 0.0182308 0.0249062 0.0248705 0.0269382 0.0119639 0.0203954 0.0225846 0.0335763 0.0291554 0.0227060 0.0225575 0.0269369 0.0228636 0.2383648 0.2301443 0.2302768 0.0225575 0.2223849 0.1634239 0.1635155 0.1557166 0.1596013 0.1599049 0.1596013 0.1654158 0.1523213 0.1616790 0.2336454 0.0225208 0.0119639 0.1679735 0.1596013 0.1548218 0.1551128 0.2930932 
E105_BL_S          0.1867898 0.1867898 0.1971353 0.1876502 0.1942066 0.1942066 0.1687354 0.2005290 0.1841111 0.0078491 0.0078114 0.0078114 0.0098000 0.0098104 0.0098114 0.0078114 0.0019254 0.0098104 0.0201206 0.0078114 0.1717394 0.0159873 0.0118890 0.0058302 0.0038685 0.0269486 0.0269486 0.0098605 0.0118305 0.0098593 0.0038685 0.0098593 0.0118281 0.0019254 0.0291796 0.0000000 0.0098104 0.0459374 0.0118927 0.0078500 0.0058302 0.0201832 0.0245584 0.0098114 0.0118031 0.0078114 0.0098593 0.0098000 0.0058296 0.0271179 0.1935693 0.1867898 0.1972456 0.0098000 0.1803883 0.1766313 0.1689745 0.1766313 0.1727934 0.1731184 0.1727934 0.1788354 0.1654864 0.1750857 0.1901256 0.0267052 0.0201832 0.1880980 0.1727934 0.1417341 0.1419856 0.2863782 
E107_BL_S          0.1870499 0.1870499 0.1974129 0.1879064 0.1944755 0.1944755 0.1689659 0.2008165 0.1843631 0.0098512 0.0019252 0.0019252 0.0038644 0.0078028 0.0078036 0.0058240 0.0078083 0.0078028 0.0138825 0.0058240 0.1719666 0.0139059 0.0098492 0.0078059 0.0058256 0.0204198 0.0204198 0.0078421 0.0098014 0.0078412 0.0058256 0.0078412 0.0097993 0.0078083 0.0225832 0.0098104 0.0000000 0.0387558 0.0058609 0.0058531 0.0078059 0.0139240 0.0181481 0.0038687 0.0138252 0.0098034 0.0078412 0.0038644 0.0078051 0.0205430 0.1938430 0.1870499 0.1975235 0.0077947 0.1806355 0.1729284 0.1653038 0.1652127 0.1691059 0.1694241 0.1691059 0.1750657 0.1618268 0.1713308 0.1986870 0.0202405 0.0139240 0.1844393 0.1691059 0.1349022 0.1351397 0.2867220 
E108_AL_S          0.2104830 0.2104830 0.2256756 0.2150436 0.2221764 0.2221764 0.2002435 0.2252732 0.2073418 0.0408358 0.0364119 0.0364119 0.0387076 0.0387558 0.0387560 0.0364119 0.0435007 0.0387558 0.0509083 0.0364119 0.2022485 0.0413751 0.0366741 0.0434802 0.0410908 0.0161190 0.0161190 0.0437376 0.0411235 0.0389895 0.0410908 0.0389895 0.0387558 0.0435007 0.0182308 0.0459374 0.0387558 0.0000000 0.0413940 0.0413307 0.0434802 0.0271378 0.0363503 0.0387560 0.0458366 0.0458943 0.0361915 0.0387076 0.0434809 0.0392909 0.2177889 0.2104830 0.2151600 0.0340911 0.2035769 0.1575047 0.1575919 0.1499914 0.1537768 0.1611817 0.1537768 0.1593593 0.1466709 0.1557162 0.2180453 0.0386420 0.0271378 0.1586621 0.1537768 0.1483273 0.1485992 0.2685324 
E109_AL_S          0.2022296 0.2022296 0.2131589 0.2028044 0.2098377 0.2098377 0.1832933 0.2170002 0.1991838 0.0119431 0.0038880 0.0038880 0.0058548 0.0098522 0.0098532 0.0078444 0.0098593 0.0098522 0.0160303 0.0078444 0.1859069 0.0160580 0.0119405 0.0098562 0.0078467 0.0227060 0.0227060 0.0099028 0.0118815 0.0099015 0.0078467 0.0099015 0.0118791 0.0098593 0.0249062 0.0118927 0.0058609 0.0413940 0.0000000 0.0078833 0.0098562 0.0160792 0.0203797 0.0058616 0.0159632 0.0118840 0.0099015 0.0058548 0.0098552 0.0228457 0.2095187 0.2022296 0.2132822 0.0098418 0.1953489 0.1789881 0.1711849 0.1710894 0.1750767 0.1754112 0.1750767 0.1812735 0.1676336 0.1774505 0.2056308 0.0225034 0.0160792 0.1906175 0.1750767 0.1470107 0.1472767 0.3053029 
E150_AL_S          0.2018286 0.2018286 0.2127391 0.2024110 0.2094293 0.2094293 0.1829250 0.2165676 0.1987939 0.0078824 0.0038831 0.0038831 0.0058471 0.0058531 0.0058538 0.0038831 0.0058572 0.0058531 0.0160083 0.0038831 0.1855475 0.0119231 0.0078810 0.0058555 0.0038841 0.0226737 0.0226737 0.0019235 0.0078430 0.0058818 0.0038841 0.0058818 0.0078413 0.0058572 0.0248705 0.0078500 0.0058531 0.0413307 0.0078833 0.0000000 0.0058555 0.0160570 0.0203512 0.0058538 0.0118542 0.0078445 0.0058818 0.0058471 0.0058548 0.0228130 0.2091017 0.2018286 0.2128620 0.0058471 0.1949636 0.1786374 0.1708468 0.1707517 0.1747322 0.1750657 0.1747322 0.1809136 0.1673012 0.1770965 0.2052269 0.0224717 0.0160570 0.1902582 0.1747322 0.1467292 0.1469943 0.2862298 
E151_AL_S          0.1948568 0.1948568 0.2053972 0.1955648 0.2022992 0.2022992 0.1765188 0.2089810 0.1920174 0.0058548 0.0058263 0.0058263 0.0077978 0.0078059 0.0078068 0.0058263 0.0038675 0.0078059 0.0180087 0.0058263 0.1792940 0.0139117 0.0098532 0.0000010 0.0019241 0.0247320 0.0247320 0.0078453 0.0098054 0.0078444 0.0019241 0.0078444 0.0098034 0.0038675 0.0269382 0.0058302 0.0078059 0.0434802 0.0098562 0.0058555 0.0000000 0.0180639 0.0223843 0.0078068 0.0097828 0.0058263 0.0078444 0.0077978 0.0038659 0.0248851 0.2018291 0.1948568 0.2055132 0.0077978 0.1882722 0.1802973 0.1726137 0.1725192 0.1764467 0.1767781 0.1764467 0.1825671 0.1691168 0.1788051 0.1981934 0.0245109 0.0180639 0.1917127 0.1764467 0.1486964 0.1489618 0.2951519 
E154_Ya_S          0.2104191 0.2104191 0.2215251 0.2108285 0.2180320 0.2180320 0.1798420 0.2255576 0.2072086 0.0202731 0.0118781 0.0118781 0.0139090 0.0139240 0.0139253 0.0118781 0.0180701 0.0139240 0.0244856 0.0118781 0.1825709 0.0160724 0.0119511 0.0180639 0.0159788 0.0099177 0.0099177 0.0181535 0.0159923 0.0139954 0.0159788 0.0139954 0.0139240 0.0180701 0.0119639 0.0201832 0.0139240 0.0271378 0.0160792 0.0160570 0.0180639 0.0000000 0.0118594 0.0139253 0.0243803 0.0201676 0.0139954 0.0139090 0.0180625 0.0140866 0.2178920 0.2104191 0.2109444 0.0139090 0.2033613 0.1632811 0.1558790 0.1557939 0.1595689 0.1598638 0.1595689 0.1652116 0.1524927 0.1615855 0.2138127 0.0138871 0.0000010 0.1746875 0.1595689 0.1336656 0.1339049 0.2932830 
E156_Ya_S          0.2297096 0.2297096 0.2414009 0.2297167 0.2374347 0.2374347 0.1863724 0.2459567 0.2260555 0.0246712 0.0160535 0.0160535 0.0160535 0.0181481 0.0181495 0.0160535 0.0223924 0.0181481 0.0289707 0.0160535 0.2001843 0.0246620 0.0203725 0.0223843 0.0202490 0.0182577 0.0182577 0.0224986 0.0202659 0.0182437 0.0202490 0.0182437 0.0181481 0.0223924 0.0203954 0.0245584 0.0181481 0.0363503 0.0203797 0.0203512 0.0223843 0.0118594 0.0000000 0.0181495 0.0288438 0.0245388 0.0182437 0.0181281 0.0223829 0.0183661 0.2377321 0.2297096 0.2298483 0.0181281 0.2221301 0.1727484 0.1651339 0.1650429 0.1689309 0.1692485 0.1689309 0.1748801 0.1616613 0.1711501 0.2331328 0.0019196 0.0118594 0.1842492 0.1689309 0.1522014 0.1524817 0.3103746 
E157_Ya_S          0.1912420 0.1912420 0.2017149 0.1920202 0.1986870 0.1986870 0.1729953 0.2052196 0.1884698 0.0098522 0.0019255 0.0019255 0.0038649 0.0078036 0.0078045 0.0058247 0.0078091 0.0078036 0.0138837 0.0058247 0.1758810 0.0139072 0.0098502 0.0078068 0.0058263 0.0204212 0.0204212 0.0078430 0.0098024 0.0078421 0.0058263 0.0078421 0.0098004 0.0078091 0.0225846 0.0098114 0.0038687 0.0387560 0.0058616 0.0058538 0.0078068 0.0139253 0.0181495 0.0000000 0.0138264 0.0098044 0.0078421 0.0038649 0.0078059 0.0205444 0.1981411 0.1912420 0.2018286 0.0077955 0.1847274 0.1691059 0.1615235 0.1614343 0.1653038 0.1656146 0.1653038 0.1711728 0.1580620 0.1674577 0.1945845 0.0202419 0.0139253 0.1806489 0.1653038 0.1384291 0.1386741 0.2913289 
E163_To_S          0.2026898 0.2026898 0.2171952 0.2032450 0.2101410 0.2101410 0.1802304 0.2171624 0.1996972 0.0118527 0.0117945 0.0117945 0.0138104 0.0138252 0.0138264 0.0117945 0.0097858 0.0138252 0.0243030 0.0117945 0.1828911 0.0180388 0.0139117 0.0097828 0.0077889 0.0313065 0.0313065 0.0098420 0.0118082 0.0118665 0.0077889 0.0118665 0.0158749 0.0097858 0.0335763 0.0118031 0.0138252 0.0458366 0.0159632 0.0118542 0.0097828 0.0243803 0.0288438 0.0138264 0.0000000 0.0117945 0.0138955 0.0138104 0.0097818 0.0315091 0.2098362 0.2026898 0.2056293 0.0097818 0.1959382 0.1727838 0.1651638 0.1650727 0.1689636 0.1692814 0.1689636 0.1749175 0.1616888 0.1711849 0.2060206 0.0266516 0.0243803 0.1842917 0.1689636 0.1588239 0.1591083 0.3074011 
E166_To_S          0.1948568 0.1948568 0.2053972 0.1955648 0.2022992 0.2022992 0.1804844 0.2089810 0.1920174 0.0038826 0.0078059 0.0078059 0.0097931 0.0098034 0.0098044 0.0078059 0.0058279 0.0098034 0.0201051 0.0078059 0.1831391 0.0159753 0.0118803 0.0058263 0.0038659 0.0269265 0.0269265 0.0098534 0.0118219 0.0098522 0.0038659 0.0098522 0.0118196 0.0058279 0.0291554 0.0078114 0.0098034 0.0458943 0.0118840 0.0078445 0.0058263 0.0201676 0.0245388 0.0098044 0.0117945 0.0000000 0.0098522 0.0097931 0.0019233 0.0270955 0.2018291 0.1948568 0.2055132 0.0097931 0.1882722 0.1841640 0.1764467 0.1763504 0.1802973 0.1806356 0.1802973 0.1865057 0.1729380 0.1827282 0.1981934 0.0266835 0.0201676 0.1955321 0.1802973 0.1522406 0.1525130 0.2995754 
E171_To_S          0.1963127 0.1963127 0.2066981 0.1969812 0.2036296 0.2036296 0.1669132 0.2102457 0.1934923 0.0099005 0.0058531 0.0058531 0.0078330 0.0038865 0.0038870 0.0019343 0.0078467 0.0038865 0.0180951 0.0019343 0.1699263 0.0098974 0.0058879 0.0078444 0.0058548 0.0205295 0.0205295 0.0078810 0.0058599 0.0039061 0.0058548 0.0039061 0.0058585 0.0078467 0.0227060 0.0098593 0.0078412 0.0361915 0.0099015 0.0058818 0.0078444 0.0139954 0.0182437 0.0078421 0.0138955 0.0098522 0.0000000 0.0078330 0.0078435 0.0206541 0.2031940 0.1963127 0.2068128 0.0038826 0.1898054 0.1823748 0.1745584 0.1744616 0.1784575 0.1787975 0.1784575 0.1847190 0.1710045 0.1808903 0.1995917 0.0203482 0.0139954 0.1904174 0.1784575 0.1433711 0.1436295 0.2865309 
E177_To_S          0.1872571 0.1872571 0.1976359 0.1881105 0.1946911 0.1946911 0.1691461 0.2010481 0.1845634 0.0098408 0.0019233 0.0019233 0.0038605 0.0077947 0.0077955 0.0058181 0.0078001 0.0077947 0.0138676 0.0058181 0.1721450 0.0138910 0.0098388 0.0077978 0.0058198 0.0203968 0.0203968 0.0078339 0.0097911 0.0078330 0.0058198 0.0078330 0.0097891 0.0078001 0.0225575 0.0098000 0.0038644 0.0387076 0.0058548 0.0058471 0.0077978 0.0139090 0.0181281 0.0038649 0.0138104 0.0097931 0.0078330 0.0000000 0.0077970 0.0205197 0.1940623 0.1872571 0.2056293 0.0077866 0.1808311 0.1726041 0.1649941 0.1649032 0.1687888 0.1691059 0.1687888 0.1747322 0.1615235 0.1710045 0.1906000 0.0202179 0.0139090 0.1841019 0.1687888 0.1416585 0.1419097 0.2952835 
E178_To_S          0.1908687 0.1908687 0.2013182 0.1916529 0.1983023 0.1983023 0.1766095 0.2048091 0.1881078 0.0019321 0.0058256 0.0058256 0.0077970 0.0078051 0.0078059 0.0058256 0.0038670 0.0078051 0.0180073 0.0058256 0.1793840 0.0139104 0.0098522 0.0038659 0.0019238 0.0247306 0.0247306 0.0078445 0.0098044 0.0078435 0.0019238 0.0078435 0.0098023 0.0038670 0.0269369 0.0058296 0.0078051 0.0434809 0.0098552 0.0058548 0.0038659 0.0180625 0.0223829 0.0078059 0.0097818 0.0019233 0.0078435 0.0077970 0.0000000 0.0248838 0.1977483 0.1908687 0.2014315 0.0077970 0.1843716 0.1803885 0.1726987 0.1726041 0.1765348 0.1768665 0.1765348 0.1826615 0.1691990 0.1788965 0.1942066 0.0245095 0.0180625 0.1918101 0.1765348 0.1487584 0.1490242 0.2952835 
E200_Ya_S          0.2292343 0.2292343 0.2414555 0.2292524 0.2373082 0.2373082 0.2001736 0.2462298 0.2254300 0.0272471 0.0183960 0.0183960 0.0205197 0.0205430 0.0205444 0.0183960 0.0248946 0.0205430 0.0316513 0.0183960 0.2023367 0.0272364 0.0228372 0.0248851 0.0226953 0.0206702 0.0206702 0.0250159 0.0227143 0.0206541 0.0226953 0.0206541 0.0205430 0.0248946 0.0228636 0.0271179 0.0205430 0.0392909 0.0228457 0.0228130 0.0248851 0.0140866 0.0183661 0.0205444 0.0315091 0.0270955 0.0206541 0.0205197 0.0248838 0.0000000 0.2376163 0.2292343 0.2143480 0.0205197 0.2213337 0.1655221 0.1579743 0.1578868 0.1617367 0.1620407 0.1617367 0.1675255 0.1545251 0.1638264 0.2328121 0.0204863 0.0140866 0.1771018 0.1617367 0.1600671 0.1531164 0.3179961 
E240_So_A          0.0019234 0.0019234 0.0161623 0.0098318 0.0077897 0.0077897 0.1020116 0.0058854 0.0058567 0.1950730 0.1981411 0.1981411 0.2019429 0.2017149 0.2101266 0.2060321 0.1935693 0.2017149 0.1985355 0.2060321 0.0913014 0.1947476 0.1952366 0.2018291 0.1977483 0.2337284 0.2337284 0.2132812 0.2142246 0.1989629 0.1977483 0.1989629 0.2059163 0.1935693 0.2383648 0.1935693 0.1938430 0.2177889 0.2095187 0.2091017 0.2018291 0.2178920 0.2377321 0.1981411 0.2098362 0.2018291 0.2031940 0.1940623 0.1977483 0.2376163 0.0000000 0.0038646 0.0290582 0.2098362 0.0038872 0.2052311 0.1968619 0.2052311 0.2095493 0.2093141 0.2010405 0.2125639 0.1930812 0.2040547 0.0097871 0.2377321 0.2178920 0.2117278 0.2010405 0.1538789 0.1400537 0.2740098 
A167_Kr_A          0.0019134 0.0019134 0.0160695 0.0097779 0.0077473 0.0077473 0.1010833 0.0058536 0.0058244 0.1883723 0.1912420 0.1912420 0.1949636 0.1947476 0.2029690 0.1989629 0.1867898 0.1947476 0.1916200 0.1989629 0.0905242 0.1880633 0.1885297 0.1948568 0.1908687 0.2256075 0.2256075 0.2059163 0.2069804 0.1921792 0.1908687 0.1921792 0.1988520 0.1867898 0.2301443 0.1867898 0.1870499 0.2104830 0.2022296 0.2018286 0.1948568 0.2104191 0.2297096 0.1912420 0.2026898 0.1948568 0.1963127 0.1872571 0.1908687 0.2292343 0.0038646 0.0000000 0.0245010 0.2026898 0.0038670 0.1981972 0.1900243 0.1981972 0.2024156 0.2021919 0.1941034 0.2052311 0.1863251 0.1969215 0.0097338 0.2297096 0.2104191 0.2044300 0.1941034 0.1485497 0.1350371 0.2649921 
A169a_Kr_A         0.0266850 0.0266850 0.0294393 0.0224764 0.0202243 0.0202243 0.1164195 0.0314747 0.0312913 0.1986870 0.2018286 0.2018286 0.2056293 0.2053978 0.2138127 0.2097191 0.1972456 0.2053978 0.2022272 0.2097191 0.1047423 0.1906537 0.1988520 0.2055132 0.2014315 0.2258362 0.2258362 0.2089824 0.2100093 0.2025775 0.2014315 0.2025775 0.2053978 0.1972456 0.2302768 0.1972456 0.1975235 0.2151600 0.2132822 0.2128620 0.2055132 0.2109444 0.2298483 0.2018286 0.2056293 0.2055132 0.2068128 0.2056293 0.2014315 0.2143480 0.0290582 0.0245010 0.0000000 0.2135199 0.0243758 0.1610714 0.1535972 0.1610714 0.1649349 0.1647656 0.1573220 0.1669236 0.1501771 0.1593253 0.0223656 0.2298483 0.2109444 0.1702246 0.1573220 0.1652239 0.1507288 0.2780169 
A174_Pa_S          0.2026898 0.2026898 0.2133992 0.2032450 0.2101410 0.2101410 0.1766095 0.2171624 0.1996972 0.0098408 0.0058181 0.0058181 0.0077866 0.0038644 0.0038649 0.0019233 0.0078001 0.0038644 0.0179814 0.0019233 0.1793840 0.0098378 0.0058531 0.0077978 0.0058198 0.0203968 0.0203968 0.0078339 0.0058247 0.0038826 0.0058198 0.0038826 0.0058233 0.0078001 0.0225575 0.0098000 0.0077947 0.0340911 0.0098418 0.0058471 0.0077978 0.0139090 0.0181281 0.0077955 0.0097818 0.0097931 0.0038826 0.0077866 0.0077970 0.0205197 0.2098362 0.2026898 0.2135199 0.0000000 0.1959382 0.1726041 0.1649941 0.1649032 0.1687888 0.1691059 0.1687888 0.1747322 0.1615235 0.1710045 0.2060206 0.0202179 0.0139090 0.1841019 0.1687888 0.1416585 0.1419097 0.2952835 
