9
A7_BL_A          0.0000000 0.0000010 0.0042949 0.0042949 0.0108071 0.0108071 0.0086146 0.0086146 0.0086146 
A9_BL_A          0.0000010 0.0000000 0.0042949 0.0042949 0.0108071 0.0108071 0.0086146 0.0086146 0.0086146 
E1_AR_S          0.0042949 0.0042949 0.0000000 0.0000010 0.0064656 0.0064656 0.0042949 0.0042949 0.0129593 
E2_AR_S          0.0042949 0.0042949 0.0000010 0.0000000 0.0064656 0.0064656 0.0042949 0.0042949 0.0129593 
E211_Ni_W        0.0108071 0.0108071 0.0064656 0.0064656 0.0000000 0.0000010 0.0021490 0.0021490 0.0173669 
E213_Ni_W        0.0108071 0.0108071 0.0064656 0.0064656 0.0000010 0.0000000 0.0021490 0.0021490 0.0173669 
E_SvyatoyNos_E   0.0086146 0.0086146 0.0042949 0.0042949 0.0021490 0.0021490 0.0000000 0.0000010 0.0151411 
E_SvyatoyNos_E_0 0.0086146 0.0086146 0.0042949 0.0042949 0.0021490 0.0021490 0.0000010 0.0000000 0.0151411 
Evi_Listv        0.0086146 0.0086146 0.0129593 0.0129593 0.0173669 0.0173669 0.0151411 0.0151411 0.0000000 
